POINTS
25
182.245
96.5454
184.582
98.8822
184.582
132.41
182.702
134.29
175.641
134.29
174.65
135.28
174.65
142.9
175.539
143.789
183.642
143.789
184.582
144.729
184.582
177.444
182.296
179.73
168.3
179.73
167.665
180.365
167.665
182.905
167.03
183.54
57.8104
183.54
57.1754
182.905
57.1754
91.4654
57.8104
90.8304
168.935
90.8304
169.57
91.4654
169.57
95.9104
170.205
96.5454
182.245
96.5454
ENDPOINTS
COMP
MOIRE
M4
MOIRE
176.733
89.129
0.000
T
CP
0.000
0.000
1
5.080
5.080
0.000
0.000
0.000
1
5.080
5.080
0.000
0.000
0.000
1
CA
0.000
0.000
1.270
230.000
230.000
0.254
SMD
1
ENDCOMP
COMP
DIP14
U1
7404
92.100
177.825
180.000
T
CT
8.890
-2.540
-8.890
-2.540
0.254
CT
8.890
2.540
8.890
-2.540
0.254
CT
8.890
2.540
-8.890
2.540
0.254
CT
-8.890
2.540
-8.890
0.635
0.254
CT
-7.620
0.635
-8.890
0.635
0.254
CT
-7.620
0.635
-7.620
-0.635
0.254
CT
-7.620
-0.635
-8.890
-0.635
0.254
CT
-8.890
-0.635
-8.890
-2.540
0.254
CP
-7.620
-3.810
2
1.524
1.524
0.000
0.000
0.940
2
1.524
1.524
0.000
0.000
0.940
1
CP
-5.080
-3.810
1
1.524
1.524
0.000
0.000
0.940
1
1.524
1.524
0.000
0.000
0.940
2
CP
-2.540
-3.810
1
1.524
1.524
0.000
0.000
0.940
1
1.524
1.524
0.000
0.000
0.940
3
CP
0.000
-3.810
1
1.524
1.524
0.000
0.000
0.940
1
1.524
1.524
0.000
0.000
0.940
4
CP
2.540
-3.810
1
1.524
1.524
0.000
0.000
0.940
1
1.524
1.524
0.000
0.000
0.940
5
CP
5.080
-3.810
1
1.524
1.524
0.000
0.000
0.940
1
1.524
1.524
0.000
0.000
0.940
6
CP
7.620
-3.810
1
1.524
1.524
0.000
0.000
0.940
1
1.524
1.524
0.000
0.000
0.940
7
CP
7.620
3.810
1
1.524
1.524
0.000
0.000
0.940
1
1.524
1.524
0.000
0.000
0.940
8
CP
5.080
3.810
1
1.524
1.524
0.000
0.000
0.940
1
1.524
1.524
0.000
0.000
0.940
9
CP
2.540
3.810
1
1.524
1.524
0.000
0.000
0.940
1
1.524
1.524
0.000
0.000
0.940
10
CP
-0.000
3.810
1
1.524
1.524
0.000
0.000
0.940
1
1.524
1.524
0.000
0.000
0.940
11
CP
-2.540
3.810
1
1.524
1.524
0.000
0.000
0.940
1
1.524
1.524
0.000
0.000
0.940
12
CP
-5.080
3.810
1
1.524
1.524
0.000
0.000
0.940
1
1.524
1.524
0.000
0.000
0.940
13
CP
-7.620
3.810
1
1.524
1.524
0.000
0.000
0.940
1
1.524
1.524
0.000
0.000
0.940
14
SMD
0
ENDCOMP
COMP
DIP14
U2
7404
113.690
174.015
90.000
T
SMD
0
ENDCOMP
COMP
DIP14
U3
7404
126.390
174.015
90.000
T
SMD
0
ENDCOMP
COMP
DIP14
U4
7404
141.630
174.015
90.000
T
SMD
0
ENDCOMP
COMP
DIP14
U5
7404
159.410
174.015
90.000
T
SMD
0
ENDCOMP
COMP
DIP14
U7
7404
113.690
148.615
90.000
T
SMD
0
ENDCOMP
COMP
DIP14
U8
7404
126.390
148.615
90.000
T
SMD
0
ENDCOMP
COMP
DIP14
U9
7404
141.630
148.615
90.000
T
SMD
0
ENDCOMP
COMP
DIP14
U10
7404
159.410
148.615
90.000
T
SMD
0
ENDCOMP
COMP
DIP14
U12
7404
113.690
125.755
90.000
T
SMD
0
ENDCOMP
COMP
DIP14
U13
7404
126.390
125.755
90.000
T
SMD
0
ENDCOMP
COMP
DIP14
U14
7404
141.630
125.755
90.000
T
SMD
0
ENDCOMP
COMP
DIP14
U15
7404
159.410
125.755
90.000
T
SMD
0
ENDCOMP
COMP
DIP14
U16
7404
95.275
97.180
180.000
T
SMD
0
ENDCOMP
COMP
DIP14
U17
7404
113.690
100.355
90.000
T
SMD
0
ENDCOMP
COMP
DIP14
U18
7404
126.390
100.355
90.000
T
SMD
0
ENDCOMP
COMP
DIP14
U19
7404
141.630
100.355
90.000
T
SMD
0
ENDCOMP
COMP
DIP14
U20
7404
159.410
100.355
90.000
T
SMD
0
ENDCOMP
COMP
DIP14
U21
7404
66.700
177.825
180.000
T
SMD
0
ENDCOMP
COMP
DIP14
U22
7404
66.700
167.665
180.000
T
SMD
0
ENDCOMP
COMP
DIP14
U23
7404
66.700
154.965
180.000
T
SMD
0
ENDCOMP
COMP
DIP14
U24
7404
66.700
142.265
180.000
T
SMD
0
ENDCOMP
COMP
DIP14
U25
7404
66.700
127.025
180.000
T
SMD
0
ENDCOMP
COMP
DIP14
U26
7404
66.700
111.785
180.000
T
SMD
0
ENDCOMP
COMP
DIP14
U27
7404
66.700
97.815
180.000
T
SMD
0
ENDCOMP
COMP
PGA\68P
U28
8397
92.100
153.695
0.000
T
CT
14.605
-14.605
14.605
14.605
0.254
CT
-15.240
14.605
14.605
14.605
0.254
CT
-15.240
-10.160
-15.240
14.605
0.254
CT
-15.240
-10.160
-10.795
-14.605
0.254
CT
-10.795
-14.605
14.605
-14.605
0.254
CP
-10.160
-12.700
2
1.524
1.524
0.000
0.000
0.940
2
1.524
1.524
0.000
0.000
0.940
1
CP
-10.160
-10.160
1
1.524
1.524
0.000
0.000
0.940
1
1.524
1.524
0.000
0.000
0.940
2
CP
-7.620
-12.700
1
1.524
1.524
0.000
0.000
0.940
1
1.524
1.524
0.000
0.000
0.940
3
CP
-7.620
-10.160
1
1.524
1.524
0.000
0.000
0.940
1
1.524
1.524
0.000
0.000
0.940
4
CP
-5.080
-12.700
1
1.524
1.524
0.000
0.000
0.940
1
1.524
1.524
0.000
0.000
0.940
5
CP
-5.080
-10.160
1
1.524
1.524
0.000
0.000
0.940
1
1.524
1.524
0.000
0.000
0.940
6
CP
-2.540
-12.700
1
1.524
1.524
0.000
0.000
0.940
1
1.524
1.524
0.000
0.000
0.940
7
CP
-2.540
-10.160
1
1.524
1.524
0.000
0.000
0.940
1
1.524
1.524
0.000
0.000
0.940
8
CP
0.000
-12.700
1
1.524
1.524
0.000
0.000
0.940
1
1.524
1.524
0.000
0.000
0.940
9
CP
0.000
-10.160
1
1.524
1.524
0.000
0.000
0.940
1
1.524
1.524
0.000
0.000
0.940
10
CP
2.540
-12.700
1
1.524
1.524
0.000
0.000
0.940
1
1.524
1.524
0.000
0.000
0.940
11
CP
2.540
-10.160
1
1.524
1.524
0.000
0.000
0.940
1
1.524
1.524
0.000
0.000
0.940
12
CP
5.080
-12.700
1
1.524
1.524
0.000
0.000
0.940
1
1.524
1.524
0.000
0.000
0.940
13
CP
5.080
-10.160
1
1.524
1.524
0.000
0.000
0.940
1
1.524
1.524
0.000
0.000
0.940
14
CP
7.620
-12.700
1
1.524
1.524
0.000
0.000
0.940
1
1.524
1.524
0.000
0.000
0.940
15
CP
7.620
-10.160
1
1.524
1.524
0.000
0.000
0.940
1
1.524
1.524
0.000
0.000
0.940
16
CP
10.160
-12.700
1
1.524
1.524
0.000
0.000
0.940
1
1.524
1.524
0.000
0.000
0.940
17
CP
12.700
-10.160
1
1.524
1.524
0.000
0.000
0.940
1
1.524
1.524
0.000
0.000
0.940
18
CP
10.160
-10.160
1
1.524
1.524
0.000
0.000
0.940
1
1.524
1.524
0.000
0.000
0.940
19
CP
12.700
-7.620
1
1.524
1.524
0.000
0.000
0.940
1
1.524
1.524
0.000
0.000
0.940
20
CP
10.160
-7.620
1
1.524
1.524
0.000
0.000
0.940
1
1.524
1.524
0.000
0.000
0.940
21
CP
12.700
-5.080
1
1.524
1.524
0.000
0.000
0.940
1
1.524
1.524
0.000
0.000
0.940
22
CP
10.160
-5.080
1
1.524
1.524
0.000
0.000
0.940
1
1.524
1.524
0.000
0.000
0.940
23
CP
12.700
-2.540
1
1.524
1.524
0.000
0.000
0.940
1
1.524
1.524
0.000
0.000
0.940
24
CP
10.160
-2.540
1
1.524
1.524
0.000
0.000
0.940
1
1.524
1.524
0.000
0.000
0.940
25
CP
12.700
0.000
1
1.524
1.524
0.000
0.000
0.940
1
1.524
1.524
0.000
0.000
0.940
26
CP
10.160
0.000
1
1.524
1.524
0.000
0.000
0.940
1
1.524
1.524
0.000
0.000
0.940
27
CP
12.700
2.540
1
1.524
1.524
0.000
0.000
0.940
1
1.524
1.524
0.000
0.000
0.940
28
CP
10.160
2.540
1
1.524
1.524
0.000
0.000
0.940
1
1.524
1.524
0.000
0.000
0.940
29
CP
12.700
5.080
1
1.524
1.524
0.000
0.000
0.940
1
1.524
1.524
0.000
0.000
0.940
30
CP
10.160
5.080
1
1.524
1.524
0.000
0.000
0.940
1
1.524
1.524
0.000
0.000
0.940
31
CP
12.700
7.620
1
1.524
1.524
0.000
0.000
0.940
1
1.524
1.524
0.000
0.000
0.940
32
CP
10.160
7.620
1
1.524
1.524
0.000
0.000
0.940
1
1.524
1.524
0.000
0.000
0.940
33
CP
12.700
10.160
1
1.524
1.524
0.000
0.000
0.940
1
1.524
1.524
0.000
0.000
0.940
34
CP
10.160
12.700
1
1.524
1.524
0.000
0.000
0.940
1
1.524
1.524
0.000
0.000
0.940
35
CP
10.160
10.160
1
1.524
1.524
0.000
0.000
0.940
1
1.524
1.524
0.000
0.000
0.940
36
CP
7.620
12.700
1
1.524
1.524
0.000
0.000
0.940
1
1.524
1.524
0.000
0.000
0.940
37
CP
7.620
10.160
1
1.524
1.524
0.000
0.000
0.940
1
1.524
1.524
0.000
0.000
0.940
38
CP
5.080
12.700
1
1.524
1.524
0.000
0.000
0.940
1
1.524
1.524
0.000
0.000
0.940
39
CP
5.080
10.160
1
1.524
1.524
0.000
0.000
0.940
1
1.524
1.524
0.000
0.000
0.940
40
CP
2.540
12.700
1
1.524
1.524
0.000
0.000
0.940
1
1.524
1.524
0.000
0.000
0.940
41
CP
2.540
10.160
1
1.524
1.524
0.000
0.000
0.940
1
1.524
1.524
0.000
0.000
0.940
42
CP
0.000
12.700
1
1.524
1.524
0.000
0.000
0.940
1
1.524
1.524
0.000
0.000
0.940
43
CP
0.000
10.160
1
1.524
1.524
0.000
0.000
0.940
1
1.524
1.524
0.000
0.000
0.940
44
CP
-2.540
12.700
1
1.524
1.524
0.000
0.000
0.940
1
1.524
1.524
0.000
0.000
0.940
45
CP
-2.540
10.160
1
1.524
1.524
0.000
0.000
0.940
1
1.524
1.524
0.000
0.000
0.940
46
CP
-5.080
12.700
1
1.524
1.524
0.000
0.000
0.940
1
1.524
1.524
0.000
0.000
0.940
47
CP
-5.080
10.160
1
1.524
1.524
0.000
0.000
0.940
1
1.524
1.524
0.000
0.000
0.940
48
CP
-7.620
12.700
1
1.524
1.524
0.000
0.000
0.940
1
1.524
1.524
0.000
0.000
0.940
49
CP
-7.620
10.160
1
1.524
1.524
0.000
0.000
0.940
1
1.524
1.524
0.000
0.000
0.940
50
CP
-10.160
12.700
1
1.524
1.524
0.000
0.000
0.940
1
1.524
1.524
0.000
0.000
0.940
51
CP
-12.700
10.160
1
1.524
1.524
0.000
0.000
0.940
1
1.524
1.524
0.000
0.000
0.940
52
CP
-10.160
10.160
1
1.524
1.524
0.000
0.000
0.940
1
1.524
1.524
0.000
0.000
0.940
53
CP
-12.700
7.620
1
1.524
1.524
0.000
0.000
0.940
1
1.524
1.524
0.000
0.000
0.940
54
CP
-10.160
7.620
1
1.524
1.524
0.000
0.000
0.940
1
1.524
1.524
0.000
0.000
0.940
55
CP
-12.700
5.080
1
1.524
1.524
0.000
0.000
0.940
1
1.524
1.524
0.000
0.000
0.940
56
CP
-10.160
5.080
1
1.524
1.524
0.000
0.000
0.940
1
1.524
1.524
0.000
0.000
0.940
57
CP
-12.700
2.540
1
1.524
1.524
0.000
0.000
0.940
1
1.524
1.524
0.000
0.000
0.940
58
CP
-10.160
2.540
1
1.524
1.524
0.000
0.000
0.940
1
1.524
1.524
0.000
0.000
0.940
59
CP
-12.700
0.000
1
1.524
1.524
0.000
0.000
0.940
1
1.524
1.524
0.000
0.000
0.940
60
CP
-10.160
0.000
1
1.524
1.524
0.000
0.000
0.940
1
1.524
1.524
0.000
0.000
0.940
61
CP
-12.700
-2.540
1
1.524
1.524
0.000
0.000
0.940
1
1.524
1.524
0.000
0.000
0.940
62
CP
-10.160
-2.540
1
1.524
1.524
0.000
0.000
0.940
1
1.524
1.524
0.000
0.000
0.940
63
CP
-12.700
-5.080
1
1.524
1.524
0.000
0.000
0.940
1
1.524
1.524
0.000
0.000
0.940
64
CP
-10.160
-5.080
1
1.524
1.524
0.000
0.000
0.940
1
1.524
1.524
0.000
0.000
0.940
65
CP
-12.700
-7.620
1
1.524
1.524
0.000
0.000
0.940
1
1.524
1.524
0.000
0.000
0.940
66
CP
-10.160
-7.620
1
1.524
1.524
0.000
0.000
0.940
1
1.524
1.524
0.000
0.000
0.940
67
CP
-12.700
-10.160
1
1.524
1.524
0.000
0.000
0.940
1
1.524
1.524
0.000
0.000
0.940
68
SMD
0
ENDCOMP
COMP
PGA\68P
U29
8397
92.100
120.675
0.000
T
SMD
0
ENDCOMP
COMP
MOIRE
M1
MOIRE
51.460
189.255
0.000
T
SMD
1
ENDCOMP
COMP
MOIRE
M2
MOIRE
176.555
189.255
0.000
T
SMD
1
ENDCOMP
COMP
MOIRE
M3
MOIRE
50.825
88.925
0.000
T
SMD
1
ENDCOMP
COMP
DCAP\SR21
C3
CAP
80.670
177.190
90.000
T
CT
-3.429
1.651
3.429
1.651
0.254
CT
3.429
1.651
3.429
-1.651
0.254
CT
-3.429
-1.651
3.429
-1.651
0.254
CT
-3.429
1.651
-3.429
-1.651
0.254
CP
-2.540
-0.000
1
1.524
1.524
0.000
0.000
0.940
1
1.524
1.524
0.000
0.000
0.940
1
CP
2.540
0.000
1
1.524
1.524
0.000
0.000
0.940
1
1.524
1.524
0.000
0.000
0.940
2
SMD
0
ENDCOMP
COMP
DCAP\SR21
C4
CAP
80.035
95.910
90.000
T
SMD
0
ENDCOMP
COMP
DCAP\SR21
C5
CAP
113.690
161.315
180.000
T
SMD
0
ENDCOMP
COMP
DCAP\SR21
C6
CAP
141.630
160.680
180.000
T
SMD
0
ENDCOMP
COMP
DCAP\SR21
C7
CAP
113.690
137.185
180.000
T
SMD
0
ENDCOMP
COMP
DCAP\SR21
C8
CAP
142.265
137.185
180.000
T
SMD
0
ENDCOMP
COMP
DCAP\SR21
C9
CAP
113.690
111.785
180.000
T
SMD
0
ENDCOMP
COMP
DCAP\SR21
C10
CAP
141.630
111.785
180.000
T
SMD
0
ENDCOMP
FP
178.460
146.075
1
0.000
0.000
0.000
90
0.000
1
1.778
10.160
0.000
90
0.000
2
FP
178.460
148.615
1
0.000
0.000
0.000
90
0.000
1
1.778
10.160
0.000
90
0.000
4
FP
178.460
151.155
1
0.000
0.000
0.000
90
0.000
1
1.778
10.160
0.000
90
0.000
6
FP
178.460
153.695
1
0.000
0.000
0.000
90
0.000
1
1.778
10.160
0.000
90
0.000
8
FP
178.460
156.235
1
0.000
0.000
0.000
90
0.000
1
1.778
10.160
0.000
90
0.000
10
FP
178.460
158.775
1
0.000
0.000
0.000
90
0.000
1
1.778
10.160
0.000
90
0.000
12
FP
178.460
161.315
1
0.000
0.000
0.000
90
0.000
1
1.778
10.160
0.000
90
0.000
14
FP
178.460
163.855
1
0.000
0.000
0.000
90
0.000
1
1.778
10.160
0.000
90
0.000
16
FP
178.460
166.395
1
0.000
0.000
0.000
90
0.000
1
1.778
10.160
0.000
90
0.000
18
FP
178.460
168.935
1
0.000
0.000
0.000
90
0.000
1
1.778
10.160
0.000
90
0.000
20
FP
178.460
171.475
1
0.000
0.000
0.000
90
0.000
1
1.778
10.160
0.000
90
0.000
22
FP
178.460
174.015
1
0.000
0.000
0.000
90
0.000
1
1.778
10.160
0.000
90
0.000
24
FP
178.460
176.555
1
0.000
0.000
0.000
90
0.000
1
1.778
10.160
0.000
90
0.000
26
FP
178.460
146.075
1
1.778
10.160
0.000
90
0.000
1
0.000
0.000
0.000
90
0.000
1
FP
178.460
148.615
1
1.778
10.160
0.000
90
0.000
1
0.000
0.000
0.000
90
0.000
3
FP
178.460
151.155
1
1.778
10.160
0.000
90
0.000
1
0.000
0.000
0.000
90
0.000
5
FP
178.460
153.695
1
1.778
10.160
0.000
90
0.000
1
0.000
0.000
0.000
90
0.000
7
FP
178.460
156.235
1
1.778
10.160
0.000
90
0.000
1
0.000
0.000
0.000
90
0.000
9
FP
178.460
158.775
1
1.778
10.160
0.000
90
0.000
1
0.000
0.000
0.000
90
0.000
11
FP
178.460
161.315
1
1.778
10.160
0.000
90
0.000
1
0.000
0.000
0.000
90
0.000
13
FP
178.460
163.855
1
1.778
10.160
0.000
90
0.000
1
0.000
0.000
0.000
90
0.000
15
FP
178.460
166.395
1
1.778
10.160
0.000
90
0.000
1
0.000
0.000
0.000
90
0.000
17
FP
178.460
168.935
1
1.778
10.160
0.000
90
0.000
1
0.000
0.000
0.000
90
0.000
19
FP
178.460
171.475
1
1.778
10.160
0.000
90
0.000
1
0.000
0.000
0.000
90
0.000
21
FP
178.460
174.015
1
1.778
10.160
0.000
90
0.000
1
0.000
0.000
0.000
90
0.000
23
FP
178.460
176.555
1
1.778
10.160
0.000
90
0.000
1
0.000
0.000
0.000
90
0.000
25
FP
178.460
130.835
1
0.000
0.000
0.000
90
0.000
1
1.778
10.160
0.000
90
0.000
26
FP
178.460
128.295
1
0.000
0.000
0.000
90
0.000
1
1.778
10.160
0.000
90
0.000
24
FP
178.460
125.755
1
0.000
0.000
0.000
90
0.000
1
1.778
10.160
0.000
90
0.000
22
FP
178.460
123.215
1
0.000
0.000
0.000
90
0.000
1
1.778
10.160
0.000
90
0.000
20
FP
178.460
120.675
1
0.000
0.000
0.000
90
0.000
1
1.778
10.160
0.000
90
0.000
18
FP
178.460
118.135
1
0.000
0.000
0.000
90
0.000
1
1.778
10.160
0.000
90
0.000
16
FP
178.460
115.595
1
0.000
0.000
0.000
90
0.000
1
1.778
10.160
0.000
90
0.000
14
FP
178.460
113.055
1
0.000
0.000
0.000
90
0.000
1
1.778
10.160
0.000
90
0.000
12
FP
178.460
110.515
1
0.000
0.000
0.000
90
0.000
1
1.778
10.160
0.000
90
0.000
10
FP
178.460
107.975
1
0.000
0.000
0.000
90
0.000
1
1.778
10.160
0.000
90
0.000
8
FP
178.460
105.435
1
0.000
0.000
0.000
90
0.000
1
1.778
10.160
0.000
90
0.000
6
FP
178.460
102.895
1
0.000
0.000
0.000
90
0.000
1
1.778
10.160
0.000
90
0.000
4
FP
178.460
100.355
1
0.000
0.000
0.000
90
0.000
1
1.778
10.160
0.000
90
0.000
2
FP
178.460
130.835
1
1.778
10.160
0.000
90
0.000
1
0.000
0.000
0.000
90
0.000
25
FP
178.460
128.295
1
1.778
10.160
0.000
90
0.000
1
0.000
0.000
0.000
90
0.000
23
FP
178.460
125.755
1
1.778
10.160
0.000
90
0.000
1
0.000
0.000
0.000
90
0.000
21
FP
178.460
123.215
1
1.778
10.160
0.000
90
0.000
1
0.000
0.000
0.000
90
0.000
19
FP
178.460
120.675
1
1.778
10.160
0.000
90
0.000
1
0.000
0.000
0.000
90
0.000
17
FP
178.460
118.135
1
1.778
10.160
0.000
90
0.000
1
0.000
0.000
0.000
90
0.000
15
FP
178.460
115.595
1
1.778
10.160
0.000
90
0.000
1
0.000
0.000
0.000
90
0.000
13
FP
178.460
113.055
1
1.778
10.160
0.000
90
0.000
1
0.000
0.000
0.000
90
0.000
11
FP
178.460
110.515
1
1.778
10.160
0.000
90
0.000
1
0.000
0.000
0.000
90
0.000
9
FP
178.460
107.975
1
1.778
10.160
0.000
90
0.000
1
0.000
0.000
0.000
90
0.000
7
FP
178.460
105.435
1
1.778
10.160
0.000
90
0.000
1
0.000
0.000
0.000
90
0.000
5
FP
178.460
102.895
1
1.778
10.160
0.000
90
0.000
1
0.000
0.000
0.000
90
0.000
3
FP
178.460
100.355
1
1.778
10.160
0.000
90
0.000
1
0.000
0.000
0.000
90
0.000
1
